0.315901990
0.897962195
1.480012319
2.076895431
2.655778544
3.221161656
3.806794768
4.387927880
4.982560993
5.563694105
6.151577217
6.716960329
7.286843442
7.876976554
8.462609666
9.041492778
9.629375891
10.203759003
10.787142115
11.372775227
11.956158340
12.532791452
13.116174564
13.690557676
14.285190789
14.870823901
15.449707013
16.033090125
16.618723238
17.186356350
17.780989462
18.355372574
18.947755687
19.524388799
20.112271911
20.684405023
21.276788136
21.848921248
22.436804360
23.013437472
23.601320585
24.184703697
24.763586809
25.346969921
25.930353034
26.509236146
27.097119258
27.669252370
28.257135482
28.836018595
29.419401707
