0.077139517
0.612445597
1.155513422
1.688431766
2.221350110
2.761018454
3.287186797
3.820105141
4.357523485
4.894941829
5.427860173
5.965278517
6.498196860
7.033365204
7.566283548
8.103701892
8.643370236
9.178538579
9.709206923
10.246625267
10.784043611
11.314711955
11.849880298
12.387298642
12.922466986
13.457635330
13.995053674
14.527972018
15.063140361
15.600558705
16.137977049
16.670895393
17.206063737
17.738982080
18.278650424
18.813818768
19.348987112
19.884155456
20.419323800
20.954492143
21.491910487
22.024828831
22.562247175
23.092915519
23.628083862
24.165502206
24.698420550
25.238088894
25.775507238
26.308425582
26.843593925
27.378762269
27.913930613
28.449098957
28.984267301
29.514935644
