0.140223178
0.594939637
1.049718732
1.504687827
1.959883344
2.414844127
2.869188490
3.323260674
3.777384057
4.231292488
4.684838898
5.138812885
5.593748990
6.048452231
6.501809175
6.954757521
7.408536565
7.863188734
8.318310329
8.773237557
9.227482465
9.681303301
10.135206696
10.589770151
11.045238206
11.500686909
11.955141561
12.408702918
12.861881957
13.315528839
13.770343216
14.226104876
14.682336330
15.138296152
15.593224120
16.046752211
16.498972540
16.951366684
17.405190187
17.859713304
18.313975276
18.768101741
19.222544503
19.677435781
20.132715211
20.588014113
21.043014010
21.497800744
21.952587296
22.407586778
22.862878769
23.318111066
23.772776806
24.226489605
24.679118715
25.131494802
25.584486004
26.038233428
26.492792484
26.948263037
27.404396819
27.859615888
28.312713536
28.765108000
29.218449366
29.672586080
