0.361987666
0.737369006
1.110704402
1.484778928
1.863442011
2.243928270
2.625961419
3.008172780
3.389495428
3.768456868
4.143562452
4.516502487
4.889533843
5.264424291
5.642615581
6.024844560
6.410547949
6.796204080
7.178463934
7.560265553
7.944142631
8.328686685
8.713256015
9.098671635
9.485282895
9.870630373
10.250256563
10.627370104
11.002794451
11.379832044
11.762910097
12.146183635
12.524625359
12.901837702
13.279537831
13.658416160
14.038134279
14.417995250
14.797245219
15.174735049
15.551636487
15.930082717
16.312929239
16.696721499
17.080006172
17.462393486
17.844450869
18.226773969
18.609097249
18.989844579
19.364993242
19.739215498
20.115952405
20.495135584
20.875514207
21.256884154
21.639518388
22.023015029
22.406465310
22.788305117
23.167443580
23.545615533
23.924734981
24.304985660
24.686057306
25.067750488
25.450102633
25.833132804
26.216592826
26.599321895
26.980270566
27.360010812
27.739407682
28.119017118
28.499273679
28.880540781
29.263070126
29.646319022
