0.373944306
0.756055506
1.138915963
1.521367319
1.899827536
2.276288702
2.650562231
3.023696910
3.395994899
3.768087717
4.140722483
4.514420761
4.889228977
5.263626035
5.636459096
6.008918019
6.382573993
6.757569585
7.133515861
7.509556629
7.885117205
8.260513903
8.636315955
9.012778772
9.390004768
9.767441430
10.144470591
10.520789889
10.896079233
11.270421893
11.644103080
12.017907991
12.392341776
12.766769347
13.140559503
13.514116717
13.887953514
14.261742985
14.635053779
15.008138384
15.381314864
15.754403548
16.127026904
16.499085895
16.870899135
17.243873989
17.619252118
17.995829172
18.372143663
18.747779687
19.122601702
19.496519914
19.869703048
20.243510134
20.618940597
20.994625264
21.369296002
21.743834274
22.119484226
22.496002208
22.872766790
23.249354173
23.625471628
24.001094595
24.376236206
24.751058060
25.125586250
25.499649127
25.873157323
26.246701906
26.620989350
26.996228372
27.372289427
27.748591413
28.124449324
28.499256070
28.871788206
29.240269457
29.603206094
29.962968724
