0.413735701
0.958954902
1.504174103
2.045166317
2.597036877
3.133157438
3.691777998
4.225648559
4.775269119
5.311389680
5.867760240
6.417380801
6.962501361
7.500871922
8.054992482
8.586613043
9.140733603
9.683604164
10.228724724
10.776095285
11.321215845
11.864086406
12.418206966
12.952077527
13.501698087
14.044568648
14.591939208
15.130309769
15.679930329
16.220550890
16.770171450
17.310792011
17.862662571
18.403283132
18.952903692
19.498024252
20.040894813
20.586015373
21.131135934
21.674006494
22.219127055
22.764247615
23.313868176
23.858988736
24.401859297
24.946979857
25.496600418
26.037220978
26.586841539
27.136462099
27.677082660
28.222203220
28.765073781
29.310194341
29.855314902
