0.000753823
0.469234046
0.936492848
1.398906970
1.863571093
2.332735215
2.806399338
3.273313460
3.742477583
4.209391705
4.678555828
5.145469950
5.610134073
6.083798195
6.550712318
7.019876440
7.486790563
7.955954685
8.422868808
8.892032930
9.361197053
9.828111175
10.297275298
10.764189420
11.233353543
11.704767665
12.171681788
12.640845910
13.105510033
13.576924155
14.043838278
14.513002400
14.982166523
15.449080645
15.918244768
16.387408890
16.858823013
17.323487135
17.792651258
18.264065380
18.728729503
19.200143625
19.667057748
20.136221870
20.605385993
21.074550115
21.541464238
22.010628360
22.482042483
22.948956605
23.418120728
23.887284850
24.351948973
24.823363095
25.292527218
25.759441340
26.228605463
26.695519585
27.166933708
27.636097830
28.100761953
28.569926075
29.036840198
29.506004320
29.968418443
