0.190606042
0.547814908
0.905394536
1.264549339
1.625659247
1.985931139
2.342903525
2.698003859
3.053390927
3.409466583
3.765837737
4.121606295
4.476345781
4.831337753
5.187855148
5.545304707
5.902795796
6.260131183
6.617386124
6.974583243
7.331599061
7.688109175
8.043840171
8.399123228
8.754485027
9.110488543
9.467307859
9.823897095
10.179293905
10.534134369
10.889644470
11.246995492
11.606696682
11.967021120
12.326364123
12.685534673
13.045573885
13.405688014
13.764609451
14.121856450
14.477376952
14.832142821
15.187189610
15.543108933
15.900025190
16.256999912
16.613245239
16.969317730
17.326010326
17.683397511
18.041347623
18.399570402
18.757798422
19.115795016
19.473397339
19.830725707
20.187866777
20.544677335
20.900844449
21.256137958
21.610790326
21.966456303
22.324664538
22.684674752
23.044978845
23.403725981
23.759728670
24.114537629
24.470062923
24.826849675
25.184626492
25.542032843
25.898098764
26.253934547
26.610731860
26.967955815
27.324829879
27.681566559
28.038694126
28.396442805
28.754613495
29.112050679
29.467712621
29.822252873
