0.188224440
0.735622691
1.283049382
1.830101600
2.375373362
2.919840009
3.464577819
4.008938147
4.551988076
5.094142676
5.636221274
6.179019937
6.723148150
7.268446198
7.814369285
8.359711244
8.903798808
9.448103475
9.993961912
10.540229144
11.085448747
11.629794394
12.173899713
12.718239484
13.263215991
13.809101326
14.355818820
14.902111103
15.446972387
15.991388536
16.536544909
17.082341916
17.628300098
18.174044491
18.719319329
19.264130116
19.808635440
20.353372917
20.898794093
21.444623987
21.990289627
22.535101069
23.078873377
23.623113683
24.169175541
24.716124572
25.262634486
25.808249745
26.352921091
26.897067533
27.441118720
27.985382657
28.530034710
29.074939085
29.619929673
