0.485994107
1.097772553
1.725503049
2.307231195
2.936209340
3.553937485
4.167165630
4.755643776
5.377871921
5.988850066
6.606578211
7.208556356
7.833034502
8.437262647
9.050490792
9.659218937
10.279197083
10.883425228
11.503403373
12.114381518
12.725359664
13.331837809
13.940565954
14.542544099
15.169272245
15.775750390
16.400228535
16.993206680
17.622184825
18.224162971
18.835141116
19.441619261
20.063847406
20.665825552
21.285803697
21.892281842
22.514509987
23.114238133
23.736466278
24.338444423
24.960672568
25.562650714
26.187128859
26.791357004
27.411335149
28.020063295
28.635541440
29.242019585
29.852997730
