0.445643328
0.947728690
1.425353549
1.925478408
2.445853267
2.921228127
3.468602986
3.957477845
4.448602705
4.937477564
5.442102423
5.951227282
6.446852142
6.951477001
7.440351860
7.940476720
8.438351579
8.936226438
9.438601297
9.938726157
10.445601016
10.950225875
11.445850735
11.943725594
12.439350453
12.937225312
13.444100172
13.946475031
14.442099890
14.944474750
15.444599609
15.944724468
16.442599327
16.949474187
17.445099046
17.938473905
18.445348765
18.947723624
19.447848483
19.961473342
20.463848202
20.954951020
21.455178037
21.955405054
22.455632071
22.955859088
23.456086104
23.956313121
24.456540138
24.956767155
25.456994172
25.957221189
26.457448206
26.957675223
27.457902240
27.958129256
28.458356273
28.958583290
29.458810307
29.959037324
