0.199947002
0.515717559
0.831326282
1.146719464
1.461989634
1.777417316
2.093483730
2.410281337
2.727465345
3.043742253
3.358201533
3.672174193
3.987104462
4.302693730
4.618308819
4.933942688
5.249633671
5.564859866
5.879265477
6.193730150
6.509285751
6.825999812
7.143566904
7.461074028
7.777464029
8.091981993
8.404510730
8.717005812
9.031297699
9.346899840
9.662668735
9.978112055
10.292558159
10.606961209
10.922125735
11.237429285
11.552432232
11.867503889
12.183261698
12.499268729
12.815343987
13.131034232
13.446211043
13.761622281
14.077942635
14.394709762
14.711249944
15.027303937
15.342715044
15.657418158
15.971528991
16.285732620
16.600704760
16.915706247
17.230053005
17.544421677
17.859541681
18.174926345
18.490096838
18.805467476
19.121882476
19.439009273
19.756285259
20.073206878
20.389112401
20.704202537
21.017645746
21.331432232
21.647144879
21.963507025
22.278899983
22.593938960
22.908948162
23.224161251
23.539708040
23.855992498
24.173273430
24.490746989
24.807436861
25.122940940
25.437196772
25.750984594
26.065235373
26.380594115
26.697180883
27.013661695
27.329096012
27.644683951
27.961874576
28.279462573
28.595922207
28.911270156
29.226058447
29.540982235
29.856415778
