0.040457492
0.548338942
1.066921215
1.589256012
2.077840809
2.591175606
3.091010404
3.597595201
4.097429998
4.615264795
5.119599592
5.626184389
6.126019186
6.639353983
7.143688781
7.654773578
8.154608375
8.681443172
9.172277969
9.690112766
10.187697563
10.703282360
11.207617157
11.723201955
12.227536752
12.734121549
13.233956346
13.751791143
14.262875940
14.764960737
15.271545534
15.789380332
16.293715129
16.802549926
17.300134723
17.815719520
18.324554317
18.831139114
19.344473911
19.851058709
20.357643506
20.866478303
21.370813100
21.884147897
22.390732694
22.899567491
23.403902288
23.912737086
24.421571883
24.930406680
25.434741477
25.954826274
26.459161071
26.958995868
27.458830665
27.972165463
28.483250260
28.989835057
29.494169854
