0.089586647
0.677575095
1.265563542
1.854203594
2.454347240
3.047740887
3.616384533
4.218778179
4.789671825
5.381482675
5.978709117
6.556352763
7.138496409
7.747640055
8.318533702
8.907427348
9.494070994
10.078464640
10.678608286
11.269751932
11.842895578
12.429539224
13.018432871
13.596076517
14.191720163
14.785113809
15.362757455
15.947151101
16.538294747
17.129438393
17.718332039
18.311725686
18.900619332
19.487262978
20.085156624
20.660550270
21.253943916
21.849587562
22.438481208
23.027374855
23.616268501
24.211912147
24.798555793
25.389699439
25.974093085
26.562986731
27.131630377
27.722774023
28.311667670
28.896061316
29.484954962
