0.204105291
0.636799640
1.058471694
1.516953586
1.943935478
2.379917370
2.802399262
3.238381154
3.676613046
4.105844938
4.537326830
4.957558722
5.391290614
5.825022506
6.261004398
6.685736290
7.123968182
7.557700074
7.993681966
8.422913858
8.856645750
9.292627642
9.733109534
10.162341426
10.598323318
11.025305210
11.459037102
11.883768994
12.313000886
12.744482778
13.178214670
13.600696562
14.041178454
14.474910346
14.915392238
15.344624130
15.782856022
16.209837914
16.641319806
17.075051698
17.508783590
17.935765482
18.371747374
18.812229266
19.243711158
19.677443050
20.117924942
20.542656834
20.976388726
21.407870618
21.837102510
22.268584402
22.702316294
23.129298186
23.563030078
24.003511970
24.434993862
24.870975754
25.304707646
25.738439538
26.169921430
26.599153323
27.032885215
27.457617107
27.895848999
28.327330891
28.765562783
29.208294675
29.644276567
