0.134796650
0.525565303
0.916240894
1.306420271
1.696094919
2.084731709
2.474046162
2.864872080
3.254449964
3.640281803
4.025635053
4.413922335
4.803532840
5.192163071
5.580466167
5.969582102
6.358918143
6.747780383
7.137009595
7.527702667
7.919653358
8.311872093
8.702299094
9.089666172
9.476295991
9.864002484
10.250500798
10.634381717
11.020843322
11.413730429
11.809203885
12.202422045
12.595432516
12.989904521
13.382859412
13.769571170
14.155968680
14.548270840
14.942618426
15.337017504
15.728377649
16.115488640
16.499796297
16.883429507
17.267918746
17.654301803
18.042664977
18.432786776
18.823532833
19.214030416
19.604551178
19.995447248
20.386209908
20.776643562
21.168104390
21.561253129
21.953044191
22.340668024
22.725519671
23.109724165
23.494413187
23.879961046
24.266192830
24.653318869
25.042471506
25.434424900
25.827548383
26.219698760
26.609848716
26.997917348
27.385855051
27.775263873
28.165152627
28.554435380
28.944089849
29.335356184
29.727709883
