0.166370360
0.527251389
0.888132419
1.249013448
1.607691963
1.970775508
2.321911095
2.692537567
3.053418596
3.412364794
3.759349360
4.133333927
4.491568493
4.857823744
5.217037626
5.577522192
5.935756758
6.301347862
6.658975891
7.008210457
7.383990951
7.738179589
8.100914156
8.461398722
8.830883288
9.188396099
9.540602421
9.901086987
10.275071553
10.624306119
10.996040686
11.353682276
11.714759818
12.086494384
12.442478951
12.802963517
13.163448083
13.530682649
13.882167216
14.244901782
14.609886348
14.970370915
15.323373601
15.684254631
16.049574613
16.419059180
16.766897720
17.127778749
17.507262878
17.849540808
18.210421838
18.571302867
18.932183897
19.309685710
19.653945956
20.014826986
20.388889408
20.736589045
21.112108541
21.468093107
21.835327673
22.180113163
22.536046806
22.907781372
23.272765939
23.606250505
23.984735071
24.345399341
24.698954204
25.050438770
25.422173336
25.780407902
26.140892469
26.503627035
26.855111601
27.222346167
27.587330734
27.952315300
28.306049866
28.675971695
29.036852725
29.380753565
29.745738131
