0.614775933
1.234228697
1.869431461
2.491134224
3.128586988
3.761539752
4.398992515
5.025195279
5.662648042
6.291100806
6.924053570
7.552506333
8.185459097
8.813911861
9.442364624
10.073067388
10.708270152
11.336722915
11.967425679
12.591378443
13.231081206
13.861783970
14.490236734
15.118689497
15.753892261
16.386845024
17.015297788
17.643750552
18.281203315
18.916406079
19.547108843
20.173311606
20.804014370
21.441467134
22.072169897
22.702872661
23.333575425
23.962028188
24.592730952
25.227933715
25.858636479
26.491589243
27.122292006
27.750744770
28.381447534
29.014400297
29.647353061
