0.256575368
0.713919691
1.190945207
1.649484584
2.101273962
2.544063339
3.000352716
3.470142094
3.919681471
4.366970848
4.827760225
5.286299603
5.747088980
6.196628357
6.659667735
7.111457112
7.569996489
8.010535867
8.478075244
8.938864621
9.395153998
9.844693376
10.309982753
10.773022130
11.231561508
11.676600885
12.146390262
12.607179639
13.063469017
13.510758394
13.980547771
14.432337149
14.893126526
15.340415903
15.805705280
16.264244658
16.722784035
17.167823412
17.639862790
18.096152167
18.552441544
19.001980921
19.467270299
19.930309676
20.384349053
20.836138431
21.294677808
21.750967185
22.211756562
22.659045940
23.128835317
23.585124694
24.043664072
24.488703449
24.953992826
25.414782203
25.873321581
26.320610958
26.790400335
27.251189713
27.714229090
28.154768467
28.617807845
29.067347222
29.525886599
29.959675976
