0.055447591
0.555208179
1.054968768
1.554729356
2.054489944
2.559087793
3.054011121
3.556574440
4.053532298
4.549561088
5.065179411
5.552814063
6.042416059
6.555784382
7.051152706
7.542021029
8.053139353
8.544007677
9.043876000
9.543744324
10.043612648
10.552480971
11.047849295
11.545467618
12.049835942
12.556454266
13.049572589
13.549440913
14.047059237
14.544677560
15.044545884
15.551164208
16.046532531
16.544150855
17.048519178
17.552887502
18.050505826
18.557124149
19.050242473
19.552360797
20.052229120
20.549847444
21.047465767
21.551834091
22.047202415
22.544820738
23.044689062
23.549057386
24.042175709
24.533044033
25.039662357
25.546280680
26.039399004
26.541517327
27.036885651
27.543503975
28.041122298
28.534240622
29.034108946
29.542977269
