0.244603076
0.751362247
1.254466780
1.764934324
2.271639760
2.778398930
3.285158101
3.797804500
4.303772044
4.814239588
5.313457132
5.819424676
6.332142220
6.838109764
7.337327308
7.841044852
8.349262396
8.859729940
9.370197484
9.878415028
10.391132572
10.899350116
11.391817660
11.900035204
12.408252748
12.914220292
13.413437836
13.926155380
14.429872924
14.940340468
15.439558012
15.952275556
16.458243099
16.968710643
17.467928187
17.980645731
18.488863275
19.008330819
19.496298363
19.997765907
20.501483451
21.011950995
21.517918539
22.030636083
22.534353627
23.047071171
23.544038715
24.059006259
24.560473803
25.073191347
25.579158891
26.091876435
26.591093979
27.103811523
27.607529067
28.129246611
28.641964155
29.152431699
29.656149243
