0.023237146
0.338891942
0.654529941
0.970042272
1.285344334
1.600372288
1.915133875
2.231044689
2.549173509
2.868006095
3.185794615
3.502435026
3.818260472
4.133521191
4.448377035
4.763211664
5.078347481
5.393714676
5.709156501
6.024542819
6.339613105
6.653941398
6.967772476
7.282408348
7.600068491
7.918205990
8.234076050
8.549180268
8.864209115
9.179641708
9.495702632
9.812331000
10.130235791
10.447968809
10.764269028
11.079889283
11.395769124
11.711819901
12.027719325
12.343603181
12.659541319
12.975054567
13.289912123
13.605201865
13.921835872
14.238622739
14.554148027
14.869164975
15.183890257
15.499021474
15.814994306
16.131274302
16.447815619
16.764476939
17.081375437
17.398505885
17.716044373
18.032879911
18.348113151
18.662585765
18.977239294
19.291892196
19.606359398
19.921564972
20.238296634
20.555492494
20.871931194
21.187675837
21.502918293
21.817523726
22.131697114
22.446439962
22.763521045
23.081538827
23.398785965
23.715540866
24.031611164
24.347561359
24.663697935
24.979787990
25.295401700
25.610373350
25.924875526
26.239595101
26.555341493
26.870945178
27.185503315
27.500231305
27.816644144
28.133698920
28.449999812
28.765930780
29.081513796
29.397008069
29.712487840
