0.367718908
0.795598853
1.223478797
1.651358741
2.079238686
2.507118630
2.934998574
3.363833185
3.806167155
4.230501124
4.652585093
5.079169063
5.508003032
5.936837002
6.365670971
6.785504940
7.207588910
7.636422879
8.058506848
8.496340818
8.927424787
9.351758757
9.782842726
10.198176695
10.629260665
11.055844634
11.482428603
11.911262573
12.346846542
12.777930512
13.197764481
13.631098450
14.050932420
14.486516389
14.906350358
15.341934328
15.768518297
16.213102267
16.641936236
17.061770205
17.488354175
17.919438144
18.346022113
18.770356083
19.199190052
19.623524022
20.052357991
20.467691960
20.889775930
21.323109899
21.749693868
22.187527838
22.614111807
23.042945776
23.474029746
23.896113715
24.329447685
24.767281654
25.193865623
25.618199593
26.058283562
26.478117531
26.902451501
27.326785470
27.744369440
28.173203409
28.604287378
29.037621348
29.470955317
29.886289286
