0.101890138
0.414600361
0.727310584
1.040020806
1.352731029
1.665441252
1.987983311
2.290861698
2.603571921
2.913455179
3.220445801
3.531936424
3.847927047
4.175167669
4.491158292
4.792543480
5.105253703
5.412130159
5.721370782
6.032861404
6.355602027
6.673842650
6.985333272
7.301323895
7.608314517
7.922055140
8.231295762
8.540536385
8.863277007
9.174767630
9.488508253
9.795907046
10.106989498
10.413980120
10.729970743
11.048211365
11.357451988
11.675692610
11.982683233
12.294173856
12.603414478
12.912655101
13.230895723
13.551386346
13.869626968
14.173850165
14.494858213
14.804098836
15.106589459
15.424830081
15.734070704
16.054561326
16.357051949
16.679792571
16.991283194
17.300952393
17.621014439
17.926372839
18.234995684
18.550986307
18.851226929
19.164967552
19.485458174
19.796948797
20.117439419
20.426680042
20.744920664
21.058661287
21.376901910
21.678895513
21.995383155
22.304315959
22.625114400
22.929736404
23.243595645
23.555156850
23.868826890
24.180577296
24.494058135
24.805997741
25.119289380
25.431418187
25.735520625
26.044761248
26.369751870
26.682259078
26.992733116
27.310973738
27.622464361
27.933099970
28.245445606
28.568186228
28.868426851
29.182167473
29.486908096
29.809361307
