0.286261608
0.802884472
1.319507336
1.831121610
2.358264185
2.876406761
3.392299336
3.905941911
4.417334486
4.942227061
5.460369637
5.971762212
6.478654787
6.994547362
7.508189937
8.030832512
8.544475088
9.069367663
9.578510238
10.096652813
10.614795388
11.128437964
11.642080539
12.164723114
12.678365689
13.201008264
13.712400840
14.230543415
14.746435990
15.269078565
15.780471140
16.305363715
16.814506291
17.332648866
17.850791441
18.366684016
18.880326591
19.398469167
19.912111742
20.434754317
20.952896892
21.471039467
21.980182043
22.500574618
23.020967193
23.541359768
24.052752343
24.568644919
25.084537494
25.600430069
26.114072644
26.634465219
27.154857794
27.677500370
28.188892945
28.709285520
29.220678095
29.727570670
