0.474569606
0.949951415
1.434183273
1.909393268
2.380103262
2.857563257
3.332773252
3.807983246
4.285443241
4.756153236
5.231363231
5.706573225
6.184033220
6.659243215
7.129953209
7.609663204
8.089373199
8.560083194
9.033043188
9.512753183
9.987963178
10.463173172
10.936133167
11.406843162
11.884303156
12.364013151
12.841473146
13.316683141
13.791893135
14.267103130
14.744563125
15.219773119
15.694983114
16.172443109
16.643153104
17.125113098
17.598073093
18.073283088
18.541743082
19.014703077
19.492163072
19.969623067
20.438083061
20.920043056
21.397503051
21.877213045
22.347923040
22.825383035
23.302843030
23.775803024
24.246513019
24.721723014
25.201433008
25.678893003
26.145102998
26.624812993
27.104522987
27.579732982
28.048192977
28.530152971
29.009862966
29.489572961
29.948241737
