0.287176303
0.699792133
1.112536177
1.525671163
1.939251458
2.352866936
2.765464885
3.177655890
3.589617825
4.001360472
4.413171363
4.827134229
5.245030533
5.665096605
6.084330471
6.499718923
6.909369513
7.315267285
7.721101803
8.130867189
8.546569406
8.963718325
9.377675415
9.790077160
10.203177675
10.615539312
11.025841163
11.437238649
11.853054907
12.271894045
12.691050774
13.108826760
13.524630260
13.939962860
14.355846978
14.770768203
15.183047766
15.594773018
16.007078181
16.418848954
16.827627709
17.233856339
17.639861775
18.047867088
18.460066456
18.874313927
19.288192476
19.702022514
20.116646093
20.531318077
20.945396398
21.360135624
21.776528247
22.192622672
22.606252001
23.019132476
23.431844559
23.844015850
24.255951495
24.671548682
25.093616863
25.517805288
25.938290781
26.352817933
26.762142700
27.171043493
27.583238226
27.995627413
28.405281499
28.814874162
29.227676077
29.642501971
