0.242705195
0.768723295
1.294741394
1.820759494
2.346777593
2.882787631
3.424097586
3.936157541
4.461717495
4.980527450
5.508337405
6.024897360
6.543707314
7.064767269
7.603827224
8.127137179
8.663947133
9.178257088
9.708317043
10.229376998
10.768436952
11.287246907
11.810556862
12.340616817
12.868426771
13.382736726
13.915046681
14.445106636
14.972916590
15.496226545
16.015036500
16.545096455
17.072906409
17.602966364
18.128526319
18.649586274
19.179646228
19.698456183
20.230766138
20.751826093
21.284136047
21.805196002
22.342005957
22.867565912
23.395375866
23.916435821
24.439745776
24.963055731
25.495365685
26.020925640
26.548735595
27.074295550
27.599855504
28.125415459
28.650975414
29.174285369
29.697595323
