0.242573696
0.818892783
1.413116529
1.975342027
2.544317525
3.120043024
3.702518522
4.275994020
4.849469518
5.429695016
6.009920515
6.587896013
7.159121511
7.737097009
8.310572507
8.890798006
9.462023504
10.037749002
10.613474500
11.193699998
11.764925497
12.340650995
12.916376493
13.494351991
14.070077489
14.645802988
15.226028486
15.808503984
16.375229482
16.950954980
17.526680479
18.102405977
18.680381475
19.253856973
19.831832471
20.407557970
20.987783468
21.563508966
22.136984464
22.717209962
23.292935460
23.875410959
24.457886457
25.040361955
25.595837453
26.171562951
26.754038450
27.332013948
27.912239446
28.490214944
29.061440442
29.637165941
