0.312788985
0.723425424
1.138984025
1.535834066
1.955184107
2.365534149
2.791634190
3.190734231
3.619084273
4.015934314
4.428534355
4.823134397
5.231234438
5.637084479
6.045184521
6.469034562
6.874884603
7.280734645
7.704244884
8.112684727
8.525284769
8.933384810
9.359484851
9.754084893
10.166684934
10.577034975
10.989336394
11.395485058
11.803585099
12.218435141
12.631882149
13.043635223
13.458485265
13.862085306
14.274427904
14.687285389
15.099885430
15.507985471
15.927335513
16.335435554
16.741285595
17.153885637
17.559519415
17.967835719
18.380435761
18.781785802
19.202065170
19.624985885
20.042085926
20.441185967
20.844610925
21.255136050
21.672236091
22.075836133
22.487156680
22.896536216
23.302386257
23.717236298
24.132086340
24.540186381
24.952786422
25.354136464
25.786986505
26.172586546
26.589686588
27.000036629
27.417136670
27.825236712
28.236066823
28.643686794
29.057339701
29.462136877
29.876986918
