0.306893001
0.821007999
1.335013698
1.848124723
2.359202206
2.869809598
3.381597967
3.893978151
4.406110590
4.918151207
5.430679632
5.944098682
6.458418941
6.972468508
7.485039016
7.996224851
8.506544378
9.017078459
9.528793850
10.041675801
10.555538339
11.069756103
11.583936124
12.098326068
12.613055802
13.127215708
13.639798185
14.150924450
14.660921014
15.170452748
15.680334830
16.191601891
16.704960506
17.219057636
17.732425020
18.244979949
18.757149306
19.269742751
19.783324352
20.297327146
20.810946766
21.323693528
21.835531361
22.347558288
22.860703714
23.374233768
23.887054352
24.398804227
24.909549688
25.420506408
25.932762070
26.445919409
26.959256974
27.472207523
27.984560679
28.496914557
29.009872734
29.523256776
