0.016052110
0.647465925
1.306383856
1.907911454
2.531939052
3.171716650
3.793494248
4.431021846
5.064049444
5.701577042
6.323354640
6.967632238
7.598409835
8.235937433
8.839715031
9.486242629
10.114770227
10.752297825
11.378575423
12.013853021
12.640130619
13.270908217
13.906185815
14.541463412
15.174491010
15.807518608
16.431546206
17.066823804
17.695351402
18.332879000
18.947906598
19.589934196
20.220711794
20.853739391
21.473266989
22.110794587
22.739322185
23.383599783
24.005377381
24.645154979
25.271432577
25.911210175
26.530737773
27.166015370
27.796792968
28.434320566
29.069598164
29.689125762
