0.065715459
0.526245190
0.986774920
1.447304651
1.907834381
2.373600261
2.840641613
3.296432965
3.758974317
4.210265669
4.690807020
5.137598372
5.588889724
6.042431076
6.507222427
6.967513779
7.423305131
7.874596483
8.343887834
8.792929186
9.259970538
9.722511890
10.189553241
10.643094593
11.114635945
11.563677297
12.030718649
12.482010000
12.949051352
13.404842704
13.871884056
14.325425407
14.794716759
15.248258111
15.717549463
16.166590814
16.638132166
17.096173518
17.558714870
18.016756221
18.483797573
18.937338925
19.404380277
19.862421629
20.322712980
20.780754332
21.247795684
21.696837036
22.170628387
22.626419739
23.091211091
23.547002443
24.009543794
24.472085146
24.934626498
25.388167850
25.850709201
26.308750553
26.775791905
27.233833257
27.696374609
28.156665960
28.619207312
29.074998664
29.542040016
