0.011172824
0.537091602
1.063010381
1.588929159
2.114847937
2.640766716
3.166685494
3.691432350
4.221437678
4.744441829
5.261198334
5.791203662
6.322198164
6.846714318
7.369969646
7.902224975
8.429980303
8.948735631
9.471990959
9.999746287
10.527501615
11.059756943
11.585262271
12.110767599
12.631772927
13.157278255
13.685033583
14.215038912
14.740544240
15.261549568
15.789304896
16.319310224
16.840315552
17.363570880
17.891326208
18.423581536
18.944586864
19.476842192
19.993347520
20.521102849
21.044358177
21.572113505
22.095368833
22.627624161
23.153129489
23.676384817
24.204140145
24.734145473
25.257400801
25.787406129
26.306161457
26.838416786
27.363922114
27.887177442
28.408182770
28.935938098
29.461443426
29.962198754
