0.028469257
0.637674134
1.248283455
1.839846137
2.467408819
3.085971501
3.691034183
4.323096864
4.910159546
5.517472228
6.140534910
6.741097592
7.328160274
7.948132646
8.558535637
9.147848319
9.768661001
10.382723683
10.987786365
11.597349047
12.204661728
12.811974410
13.421537092
14.024349774
14.638412456
15.252475138
15.864287819
16.469350501
17.078913183
17.686225865
18.302538547
18.934601229
19.523913910
20.135726592
20.761039274
21.354851956
21.955414638
22.569477320
23.188040002
23.795352683
24.404915365
25.007728047
25.603790729
26.224278929
26.834166093
27.441478774
28.062291456
28.662854138
29.270303309
29.879508185
