0.252708406
0.733391395
1.214373785
1.696191499
2.178965989
2.662269598
3.144854114
3.623919979
4.102457202
4.581575924
5.061197332
5.540494866
6.020162505
6.501973842
6.984496691
7.467001932
7.948760892
8.428293107
8.907470248
9.387592893
9.868599933
10.350014896
10.831638946
11.313134438
11.793396289
12.271598965
12.748891166
13.226780540
13.706029217
14.186831710
14.668158060
15.148976770
15.629155744
16.108955953
16.588989952
17.069801314
17.551309650
18.033216117
18.514947180
18.996152912
19.477299763
19.958703015
20.439577192
20.919135991
21.397941326
21.876618524
22.355043532
22.833117307
23.311715472
23.791705480
24.272671942
24.753984535
25.235337594
25.716532948
26.197281551
26.677500273
27.157891640
27.638935107
28.119737713
28.599451795
29.078823011
29.558647017
