0.507611240
1.109121524
1.725306867
2.336992209
2.953177552
3.560362894
4.160798237
4.770233579
5.379668922
5.998104264
6.607539607
7.210224949
7.821910292
8.426845634
9.036280977
9.641216319
10.248401662
10.855587004
11.467272347
12.076707689
12.686143032
13.286578374
13.902763717
14.509949059
15.119384402
15.728819744
16.340505087
16.947690429
17.559375772
18.159811114
18.771496457
19.383181799
19.992617142
20.599802484
21.211487827
21.818673169
22.423608511
23.028543854
23.642479196
24.256414539
24.865849881
25.488785224
26.093720566
26.707655909
27.310341251
27.917526594
28.526961936
29.136397279
29.732332621
