0.138895913
0.533141373
0.927386833
1.321632293
1.715877753
2.110123213
2.522652770
2.905987773
3.305072776
3.692907779
4.081350512
4.486577785
4.869841432
5.282497791
5.672582794
6.067167797
6.446823272
6.854087803
7.248672806
7.638757809
8.033342812
8.427927815
8.806762818
9.194597821
9.589182824
9.981517827
10.371602830
10.783523332
11.177768792
11.572014252
11.966259712
12.360505172
12.754750632
13.148996092
13.523782854
13.927367857
14.326452860
14.721037863
15.115622866
15.512457869
15.907042872
16.301627875
16.696212878
17.090797881
17.480882884
17.882217887
18.267802890
18.671387893
19.063722896
19.458307899
19.852892902
20.258727905
20.648812908
21.043397911
21.444732914
21.830317917
22.233902920
22.630737923
23.023072926
23.413157929
23.814492932
24.204577935
24.594662938
24.976359892
25.386082944
25.764850812
26.159096272
26.569837953
26.955422956
27.352257959
27.744592962
28.141427965
28.542762968
28.923847971
29.316182974
29.719767977
