0.586816446
1.203946080
1.785893115
2.374590150
2.958787185
3.551984219
4.133931254
4.722628289
5.311325324
5.900022359
6.479719393
7.072916428
7.661613463
8.250310498
8.832257533
9.420954567
10.007401602
10.598348637
11.180295672
11.773492707
12.362189742
12.950886776
13.537333811
14.123780846
14.712477881
15.301174916
15.880871950
16.478568985
17.060516020
17.653713055
18.235660090
18.826607125
19.413054159
20.004001194
20.588198229
21.179145264
21.765592299
22.354289333
22.938486368
23.527183403
24.113630438
24.702327473
25.284274507
25.879721542
26.463918577
27.054865612
27.641312647
28.232259682
28.820956716
29.411903751
29.968365065
