0.114342541
0.795264670
1.493652740
2.171909911
2.850167082
3.521674254
4.197681425
4.882688596
5.563195767
6.236952938
6.919710110
7.602467281
8.287474452
8.958981623
9.648488794
10.322245966
10.998253137
11.685510308
12.366017479
13.051024651
13.722531822
14.407538993
15.094796164
15.768553335
16.453560507
17.138567678
17.816824849
18.495082020
19.180089192
19.858346363
20.543353534
21.223860705
21.904367876
22.587125048
23.269882219
23.950389390
24.633146561
25.320403732
25.998660904
26.674668075
27.355175246
28.031182417
28.711689589
29.392196760
