0.410807549
0.841658043
1.272564699
1.702980371
2.130882141
2.557845287
2.984291203
3.411009635
3.838819871
4.266801917
4.694308368
5.121383084
5.548300432
5.975234332
6.402431868
6.830366698
7.259395516
7.688971805
8.118596201
8.548492470
8.978911541
9.409271458
9.838839495
10.267437752
10.695078455
11.122195618
11.549228495
11.976543938
12.404521166
12.832913451
13.262022308
13.690958926
14.119042331
14.546987943
14.975334094
15.403851556
15.832100680
16.260196355
16.688008276
17.115387413
17.542399217
17.969703439
18.398380519
18.827800872
19.257180557
19.686366827
20.115389291
20.544159428
20.972617006
21.401059666
21.829723663
22.258416756
22.687004325
23.115714672
23.544893505
23.973831796
24.401855401
24.829411926
25.257103339
25.685009783
26.113093343
26.541485017
26.970446109
27.400075420
27.830226521
28.259883863
28.688119188
29.115345864
29.542108854
29.968735566
