0.294713908
0.802963256
1.311212605
1.819461953
2.327711302
2.835960650
3.317565499
3.852459347
4.360708696
4.868958044
5.377207393
5.885456741
6.367288349
6.916825491
7.412362633
7.918454135
8.426703484
8.934952832
9.444011199
9.951451529
10.432835483
10.967950226
11.476199575
11.984448923
12.492698272
13.000947620
13.509196969
14.017446317
14.525695666
15.033945014
15.550206899
16.043494041
16.558693060
17.066942408
17.590855466
18.090892608
18.591690454
19.106716891
19.609004033
20.102291174
20.640578316
21.113615458
21.627152599
22.154189741
22.654226883
23.172264025
23.688051166
24.199338308
24.681375450
25.210662591
25.707181332
26.219736875
26.726524016
27.224311158
27.740178726
28.271635441
28.742422583
29.273959725
29.753746866
