0.261923801
0.687755920
1.113588039
1.539420159
1.944888753
2.391084397
2.816916516
3.242748636
3.668580755
4.094412874
4.520244993
4.946077113
5.371909232
5.797741351
6.223573470
6.649405590
7.075237709
7.482588405
7.926901947
8.352734067
8.763461402
9.204398305
9.630230424
10.056062544
10.481894663
10.907726782
11.333558901
11.759391021
12.185223140
12.611055259
13.036887378
13.462719498
13.888551617
14.314383736
14.740215855
15.166047975
15.591880094
16.017712213
16.443544332
16.885407048
17.295208571
17.721040690
18.168530045
18.593987711
19.019445376
19.435903042
19.868110707
20.284568373
20.716776039
21.126483704
21.558691370
21.975149035
22.398356701
22.821564367
23.249272032
23.676979698
24.097937363
24.523395029
24.955602695
25.385560360
25.813268026
26.236475691
26.657433357
27.085141022
27.503848688
27.933806354
28.352514019
28.784721685
29.212429350
29.640137016
