0.416791144
0.949233218
1.515773259
2.070667939
2.625562620
3.173501515
3.708193589
4.294635664
4.856327738
5.415769812
5.954930703
6.518903961
7.064720064
7.619614745
8.174509426
8.729404106
9.262114333
9.839556407
10.392248481
10.976440556
11.503877509
12.054824704
12.621016779
13.168561551
13.724150927
14.278350912
14.825035076
15.379977150
15.948419225
16.507861299
17.044803373
17.607718996
18.162613676
18.717508357
19.262321671
19.842013745
20.382192399
20.960897894
21.477589968
22.046876441
22.601771121
23.156665802
23.711560482
24.266455163
24.821349844
25.376244524
25.923876563
26.486033885
27.040928566
27.595823247
28.143644860
28.714336934
29.262529009
29.810721083
