0.350286340
0.930526522
1.468145556
2.037264590
2.595133625
3.150752659
3.717621694
4.273240728
4.826609762
5.386728797
5.949097831
6.513716866
7.076085900
7.627204934
8.191823969
8.751943003
9.312062038
9.872181072
10.432300107
10.990169141
11.554788175
12.110407210
12.679526244
13.232895279
13.795264313
14.353133347
14.911002382
15.473371416
16.035740451
16.591359485
17.155978519
17.713847554
18.278466588
18.838585623
19.405454657
19.956573691
20.518942726
21.076811760
21.641430795
22.201549829
22.759418863
23.317287898
23.879656932
24.442025967
25.002145001
25.564514035
26.131383070
26.682502104
27.244871139
27.800490173
28.362859208
28.918478242
29.476347276
