0.153099601
0.827261664
1.469068548
2.108625432
2.766182317
3.403489201
4.054296085
4.709602969
5.364909853
6.015716737
6.666523621
7.315080505
7.968137389
8.618944273
9.269751157
9.922808041
10.571364925
11.226671809
11.877478693
12.528285577
13.181342461
13.829899346
14.485206230
15.138263114
15.791319998
16.439876882
17.095183766
17.745990650
18.399047534
19.045354418
19.693911302
20.346968186
20.997775070
21.646331954
22.301638838
22.954695722
23.607752606
24.258559490
24.907116375
25.560173259
26.215480143
26.866287027
27.519343911
28.170150795
28.823207679
29.469514563
