0.420345293
1.038856216
1.657367139
2.275878063
2.910413942
3.502594950
4.121775958
4.745456965
5.369137973
5.988318981
6.607499989
7.228930996
7.845862004
8.465043012
9.081974020
9.698905027
10.313586035
10.930517043
11.554198051
12.171129058
12.790310066
13.411741074
14.026422082
14.645603089
15.264784097
15.879465105
16.496396113
17.115577120
17.730258128
18.351689136
18.970870144
19.592301152
20.220482159
20.828413167
21.452094175
22.066775183
22.685956190
23.307387198
23.926568206
24.545749214
25.160430221
25.781861229
26.396542237
27.008973245
27.632654252
28.258585260
28.875516268
29.490197276
