0.072373243
0.556510759
1.010393154
1.466171710
1.953627186
2.425332662
2.881288137
3.355243613
3.820199088
4.282904564
4.752360039
5.230815515
5.693520991
6.174226466
6.645931942
7.119887417
7.587092893
8.054298368
8.517003844
8.993209320
9.469414795
9.932120271
10.401575746
10.868781222
11.333736697
11.805442173
12.272647649
12.742103124
13.204808600
13.667514075
14.136969551
14.610925026
15.073630502
15.543085978
16.010291453
16.477496929
16.946952404
17.416407880
17.885863355
18.353068831
18.822524307
19.285229782
19.754685258
20.228640733
20.695846209
21.169801685
21.643757160
22.113212636
22.575918111
23.045373587
23.519329062
23.986534538
24.458240014
24.929945489
25.401650965
25.877856440
26.345061916
26.821267391
27.286222867
27.760178343
28.227383818
28.694589294
29.161794769
29.622250245
