0.154125820
0.579575750
0.996014124
1.430475609
1.875759046
2.281375468
2.701503969
3.132275328
3.565498892
3.983175187
4.400243814
4.827741276
5.250738737
5.691736198
6.107983660
6.544481121
6.965228582
7.390476044
7.806723505
8.238720966
8.659468428
9.089215889
9.503213350
9.939710812
10.367208273
10.794705734
11.215453196
11.645200657
12.068198118
12.495695580
12.909693041
13.343940502
13.764687964
14.196685425
14.610682886
15.044930348
15.472427809
15.902175270
16.320672732
16.750420193
17.173417655
17.591915116
18.012662577
18.446910039
18.869907500
19.299654961
19.720402423
20.150149884
20.573147345
21.000644807
21.428142268
21.862389729
22.283137191
22.701634652
23.120132113
23.549879575
23.975127036
24.404874497
24.830121959
25.257619420
25.678366881
26.108114343
26.531111804
26.956359265
27.383856727
27.818104188
28.238851649
28.664099111
29.084846572
29.512344033
29.924091495
