0.213258488
0.942087667
1.631883166
2.332928665
3.033974163
3.741769662
4.451815161
5.155110660
5.862906158
6.566201657
7.276247156
7.977292655
8.682838153
9.383883652
10.096179151
10.801724650
11.505020148
12.208315647
12.918361146
13.626156645
14.329452143
15.034997642
15.740543141
16.448338640
17.153884138
17.859429637
18.564975136
19.272770635
19.987316133
20.688361632
21.396157131
22.101702630
22.809498128
23.512793627
24.222839126
24.923884625
25.631680123
26.334975622
27.045021121
27.750566619
28.456112118
29.157157617
29.867203116
