0.111980150
0.765714082
1.445089082
2.117714082
2.776839082
3.449464082
4.117589082
4.783464082
5.442589082
6.112964082
6.781089082
7.446964082
8.112839082
8.774214082
9.440089082
10.108214082
10.778589082
11.437714082
12.110339082
12.773964082
13.439839082
14.112464082
14.771589082
15.439714082
16.112339082
16.778214082
17.444089082
18.103214082
18.766839082
19.443964082
20.107589082
20.777964082
21.443839082
22.111964082
22.775589082
23.441464082
24.109589082
24.782214082
25.450339082
26.111714082
26.782089082
27.443464082
28.100339082
28.770714082
29.438839082
