0.069345348
0.497414026
0.925482703
1.353551381
1.783141032
2.230078805
2.645516578
3.078954350
3.498892123
3.921079896
4.345517668
4.774455441
5.205643214
5.639080986
6.059018759
6.494706532
6.916894304
7.343582077
7.765769850
8.199207622
8.619145395
9.057083168
9.483770940
9.912708713
10.337146486
10.763834258
11.192772031
11.628459804
12.043897576
12.479585349
12.908523122
13.339710894
13.764148667
14.195336440
14.626524212
15.055461985
15.477649758
15.913337531
16.335525303
16.771213076
17.191150849
17.626838621
18.049026394
18.477964167
18.900151939
19.333589712
19.760277485
20.191465257
20.618153030
21.051590803
21.478278575
21.911716348
22.327154121
22.758341893
23.178279666
23.616217439
24.040655211
24.469592984
24.896280757
25.334218529
25.756406302
26.189844075
26.596281847
27.027469620
27.460907393
27.898845165
28.321032938
28.756720711
29.176658483
29.607846256
