0.021936627
0.490361623
0.959332640
1.426216388
1.895350135
2.362233883
2.831367631
3.298251378
3.762885126
4.234268873
4.703402621
5.172536368
5.639420116
6.106303864
6.573187611
7.044571359
7.511455106
7.980588854
8.449722601
8.916606349
9.383490097
9.854873844
10.321757592
10.788641339
11.257775087
11.726908834
12.193792582
12.662926330
13.134310077
13.603443825
14.070327572
14.537211320
15.006345068
15.475478815
15.944612563
16.411496310
16.880630058
17.347513805
17.821147553
18.283531301
18.759415048
19.224048796
19.693182543
20.160066291
20.629200038
21.096083786
21.565217534
22.034351281
22.501235029
22.968118776
23.439502524
23.904136271
24.371020019
24.842403767
25.311537514
25.778421262
26.254305009
26.723438757
27.188072505
27.657206252
28.126340000
28.595473747
29.062357495
29.529241242
29.998374990
