0.191638752
0.820026722
1.397402130
1.995027538
2.592652946
3.188028355
3.787903763
4.385529171
4.987654579
5.589779987
6.182905395
6.785030804
7.387156212
7.984781620
8.582407028
9.186782436
9.786657844
10.386533253
10.984158661
11.584034069
12.186159477
12.786034885
13.385910293
13.981285701
14.587911110
15.187786518
15.787661926
16.389787334
16.991912742
17.582788150
18.182663559
18.782538967
19.386914375
19.984539783
20.584415191
21.182040599
21.784166008
22.379541416
22.981666824
23.581542232
24.181417640
24.783543048
25.387918457
25.985543865
26.587669273
27.183044681
27.782920089
28.382795497
28.982670906
29.580296314
