0.132070000
0.791091411
1.424044322
2.099540423
2.755363897
3.411187371
4.067010845
4.722834319
5.378657794
6.034481268
6.690304742
7.346128216
8.001951690
8.657775165
9.309729251
9.976432162
10.638635073
11.296337984
11.949540894
12.616243805
13.273946716
13.918149627
14.582602538
15.224555448
15.900258359
16.526461270
17.177414181
17.844117092
18.506320002
19.159522913
19.805975824
20.454678735
21.125881646
21.770084556
22.430037467
23.085490378
23.747693289
24.382896200
25.040599110
25.700552021
26.365004932
27.009207843
27.669160754
28.329113664
28.980066575
29.631019486
