0.102562804
0.713596937
1.319034332
1.922221726
2.525409121
3.130846516
3.738533911
4.343971305
4.949408700
5.554846095
6.160283490
6.770220884
7.373408279
7.981095674
8.584283069
9.191970463
9.797407858
10.400595253
11.003782648
11.609220042
12.216907437
12.820094832
13.425532227
14.033219621
14.636407016
15.246344411
15.847281806
16.457219200
17.062656595
17.672593990
18.273531385
18.885718779
19.486656174
20.094343569
20.695280964
21.302968358
21.910655753
22.520593148
23.123780543
23.731467937
24.341405332
24.946842727
25.556780122
26.153217516
26.757554384
27.363349647
27.969144910
28.579467095
29.180404490
29.779091885
