0.344260142
0.786343281
1.208884532
1.670509561
2.112592700
2.554675840
2.996758980
3.438842119
3.880925259
4.323008398
4.765091538
5.207174678
5.649257817
6.091340957
6.533424097
6.975507236
7.417590376
7.859673516
8.301756655
8.743839795
9.185922934
9.628006074
10.070089214
10.529194794
10.954255493
11.391236248
11.838421772
12.260027702
12.725923428
13.146819155
13.585714882
14.031360609
14.488256336
14.927152062
15.377297789
15.820693516
16.264089243
16.702984970
17.141880696
17.580776423
18.030922150
18.472067877
18.917713604
19.358859330
19.802255057
20.232150784
20.684546511
21.125692238
21.575837964
22.010233691
22.464879418
22.897025145
23.349420872
23.777066598
24.227212325
24.663858052
25.111753779
25.543899506
25.982795232
26.412690959
26.869248520
27.290482413
27.738378140
28.177273866
28.625169593
29.064065320
29.520961047
29.963830497
