0.029049843
0.490169182
0.951288521
1.412407859
1.873527198
2.339305595
2.797671232
3.262786868
3.730152504
4.188518140
4.649133777
5.098499413
5.552365049
6.010730686
6.473596322
6.945461958
7.406077594
7.866693231
8.325058867
8.794674503
9.255290140
9.713655776
10.174271412
10.630387048
11.095502685
11.553868321
12.012233957
12.479599594
12.940215230
13.398580866
13.859196502
14.322062139
14.782677775
15.245543411
15.708409048
16.171274684
16.631890320
17.090255957
17.546371593
18.006987229
18.472102865
18.930468502
19.393334138
19.853949774
20.316815411
20.777431047
21.238046683
21.696412319
22.166027956
22.631143592
23.094009228
23.545624865
24.008490501
24.466856137
24.931971773
25.392587410
25.853203046
26.318318682
26.776684319
27.235049955
27.691165591
28.156281227
28.616896864
29.082012500
29.540378136
