0.030868119
0.405716695
0.780548569
1.154975068
1.527916697
1.898833866
2.269826685
2.642981605
3.016875965
3.390007445
3.763677578
4.139382416
4.515516379
4.890364635
5.264571946
5.639205662
6.013987287
6.388357785
6.762509178
7.136770537
7.510968170
7.884785115
8.258188898
8.631383396
9.005017209
9.379547293
9.754393536
10.129097156
10.504298059
10.880573477
11.256924099
11.631999690
12.005347456
12.376876683
12.748158201
13.120957597
13.495772194
13.872355583
14.248839444
14.623865343
14.998468597
15.373984218
15.750115208
16.126196165
16.501996436
16.877251583
17.251404067
17.624324801
17.997671155
18.373031674
18.749383039
19.125052807
19.499005694
19.871122840
20.243157159
20.616909780
20.992019599
21.367467653
21.742527046
22.116859615
22.490702464
22.864449989
23.238383414
23.612600633
23.986819127
24.360767466
24.734607592
25.108877160
25.484505751
25.861774836
26.238751856
26.613708288
26.987048707
27.359928427
27.733149836
28.107073451
28.481260159
28.854611339
29.225313605
29.591922941
29.956098088
