0.252875640
0.858395991
1.463916343
2.078690182
2.672726375
3.278012569
3.890048762
4.493084955
5.093871149
5.705907342
6.306693535
6.914229729
7.521765922
8.127052115
8.727838309
9.330874502
9.936160695
10.543696889
11.148983082
11.749769275
12.361805469
12.969341662
13.576877855
14.179914049
14.782950242
15.390486435
15.995772629
16.601058822
17.204095015
17.813881209
18.412417402
19.017703595
19.625239789
20.241775982
20.849312175
21.454598369
22.048634562
22.653920755
23.261456949
23.868993142
24.472029335
25.077315529
25.687101722
26.294637915
26.890924109
27.502960302
28.105996495
28.715782689
29.316568882
29.921855075
