0.065570191
0.460083305
0.872778031
1.249109535
1.650992457
2.045724670
2.438206883
2.827161993
3.216421309
3.616188223
4.005885736
4.405117949
4.804350162
5.210332375
5.587064588
5.984046801
6.372029014
6.771261227
7.156993440
7.561319370
7.946457866
8.350190079
8.726922293
9.126154506
9.529886719
9.926868932
10.319351145
10.727583358
11.108815571
11.505797784
11.896029997
12.295476746
12.685494423
13.073476636
13.470458849
13.862941062
14.262173276
14.665905489
15.056137702
15.446369915
15.847852128
16.231334341
16.626066554
17.023048767
17.424530980
17.812513193
18.222995406
18.613227619
19.014709832
19.409442045
19.791225925
20.185739039
20.580252154
20.974765269
21.369278383
21.763791498
22.156817537
22.562799750
22.948531963
23.341843957
23.735746389
24.139478602
24.525210815
24.933443028
25.314675242
25.695907455
26.101889668
26.497948874
26.886854094
27.286086307
27.678568520
28.073300733
28.463532946
28.862765159
29.252997372
29.654479585
