0.298830725
0.723507076
1.148183427
1.572859777
2.003144871
2.423466864
2.848288857
3.275360850
3.700182842
4.122754835
4.540826828
4.967898821
5.390470814
5.815292807
6.240114800
6.667186793
7.092008786
7.521330779
7.943902772
8.366474765
8.782296758
9.204868751
9.629690744
10.056762737
10.486084730
10.904156723
11.331228716
11.767300709
12.198872702
12.625944695
13.048516688
13.473338681
13.893660674
14.320732667
14.743304660
15.165876653
15.586198646
16.015520639
16.433592632
16.856164625
17.274236618
17.701308611
18.128380604
18.555452597
18.984774590
19.411846583
19.829918576
20.254740569
20.679562562
21.099884555
21.526956547
21.954028540
22.385600533
22.805922526
23.230744519
23.657816512
24.080388505
24.505210498
24.923282491
25.352604484
25.779676477
26.206748470
26.636070463
27.065392456
27.490214449
27.908286442
28.328608435
28.755680428
29.173752421
29.596324414
