0.405159464
0.873818406
1.359362541
1.806124959
2.279795232
2.748454174
3.218412214
3.683174632
4.161437050
4.619449468
5.093211886
5.551224305
6.024986723
6.491999141
6.970261559
7.428273977
7.908786395
8.371298814
8.845061232
9.309823650
9.781336068
10.250598486
10.722110904
11.182373322
11.658385741
12.120898159
12.592410577
13.054922995
13.528685413
13.995697831
14.467210249
14.931972668
15.398985086
15.868247504
16.339759922
16.804522340
17.278284758
17.740797177
18.210059595
18.672572013
19.150834431
19.615596849
20.089359267
20.551871685
21.032384104
21.499396522
21.966408940
22.435671358
22.907183776
23.367446194
23.843458612
24.308221031
24.784233449
25.244495867
25.718258285
26.183020703
26.652283121
27.108045540
27.581807958
28.057820376
28.529332794
28.998595212
29.465607630
29.921370048
