0.133636016
0.555397909
0.976798601
1.398146691
1.820711288
2.247702551
2.675288195
3.100150897
3.522491375
3.942851669
4.364126904
4.788697545
5.215103377
5.641232199
6.066002614
6.488871681
6.910227171
7.330428125
7.750170051
8.170248814
8.591717820
9.015275262
9.439510298
9.862769750
10.284563389
10.705321468
11.127132498
11.551503571
11.976384105
12.399659350
12.822356417
13.246016465
13.670472702
14.094906401
14.518430953
14.940498090
15.361886798
15.783669964
16.206572603
16.630940979
17.055714137
17.479525509
17.901495935
18.321312558
18.740696506
19.161604395
19.584512728
20.009671195
20.435835520
20.861626421
21.286110747
21.708995085
22.131776424
22.555718270
22.979848125
23.403027775
23.825829456
24.249146271
24.673023424
25.097003137
25.519940686
25.940791860
26.359810857
26.777912903
27.197143431
27.619138343
28.042810668
28.466618025
28.889824281
29.312181521
29.734058632
