0.222446619
0.650711115
1.088436586
1.515232059
1.939777531
2.366573004
2.795618477
3.220163950
3.649209423
4.076004895
4.507300368
4.934095841
5.360891314
5.787686786
6.214482259
6.643527732
7.072573205
7.497118677
7.928414150
8.364209623
8.793255096
9.217800568
9.651346041
10.069141514
10.495936987
10.922732460
11.358527932
11.785323405
12.214368878
12.636664351
13.061209823
13.494755296
13.926050769
14.357346242
14.786391714
15.210937187
15.639982660
16.064528133
16.491323605
16.927119078
17.356164551
17.776210024
18.200755496
18.629800969
19.058846442
19.492391915
19.916937388
20.345982860
20.779528333
21.206323806
21.635369279
22.062164751
22.491210224
22.922505697
23.347051170
23.776096642
24.205142115
24.631937588
25.056483061
25.494528533
25.921324006
26.343619479
26.774914952
27.203960425
27.633005897
28.064301370
28.493346843
28.920142316
29.351437788
29.782733261
