0.355661664
0.847178945
1.338696227
1.830213508
2.321730790
2.813248071
3.304765353
3.796282635
4.287799916
4.779317198
5.270834479
5.762351761
6.253869042
6.765462478
7.236903605
7.735881488
8.226715993
8.719800498
9.208385002
9.696969507
10.181054012
10.669638517
11.162723022
11.655807527
12.148892032
12.646476537
13.137311041
13.632645546
14.116730051
14.609814556
15.096149061
15.589233566
16.080068071
16.575402575
17.075237080
17.568321585
18.052406090
18.545490595
19.031825100
19.529409605
20.017994109
20.506578614
20.999663119
21.494997624
21.979082129
22.472166634
22.956251139
23.451585643
23.949170148
24.440004653
24.928589158
25.423923663
25.910258168
26.401092673
26.887427178
27.380511682
27.880346187
28.377930692
28.871015197
29.364099702
29.841434207
