0.047437899
0.523109084
0.999192215
1.475646472
1.950280550
2.420828919
2.886774789
3.352498783
3.822352548
4.294249335
4.765537871
5.235956113
5.706221044
6.177046521
6.648612946
7.119814992
7.589947726
8.060671107
8.533767257
9.008684780
9.484153616
9.958715024
10.431209429
10.902007739
11.371474522
11.840196049
12.308872713
12.778814150
13.251155413
13.725288650
14.199816450
14.672698005
15.142333591
15.610980798
16.081083938
16.552446271
17.024092351
17.495567072
17.966479960
18.437567661
18.909394250
19.381280864
19.852687417
20.324564925
20.797704512
21.270893551
21.743035180
22.215314573
22.689407907
23.164243402
23.639478901
24.113408285
24.584982313
25.055613278
25.526874434
25.999002260
26.471758831
26.944738719
27.417445300
27.889213023
28.359491042
28.829029496
29.298591377
29.768289731
