0.027355525
0.455612448
0.883869372
1.312126296
1.740383220
2.168640143
2.602793387
3.025153991
3.453410914
3.887667311
4.318958619
4.750249927
5.170291235
5.597082543
6.008123851
6.450665159
6.870706467
7.308747775
7.735539083
8.171330392
8.609371700
9.020413008
9.449454316
9.885245624
10.312036932
10.736578240
11.158869548
11.599160856
12.010202164
12.432493472
12.877284780
13.304076088
13.724117396
14.157658704
14.582200012
15.020241320
15.435782628
15.858073936
16.280365244
16.707156553
17.147447861
17.585889398
18.003280477
18.425571785
18.865863093
19.290404401
19.726195709
20.150737017
20.582028325
21.017819633
21.442360941
21.873652249
22.302693557
22.724984865
23.156276173
23.594317481
24.021108789
24.445650097
24.879191406
25.292482714
25.722770948
26.139315330
26.579284796
27.019897946
27.435798643
27.868980562
28.295771870
28.727063178
29.149354486
29.573895794
