0.274992769
0.728457602
1.181922435
1.641962997
2.089368655
2.552524313
3.004429971
3.458585629
3.919491287
4.351146945
4.798552603
5.263105929
5.702363919
6.179019577
6.612925235
7.082830893
7.530236550
7.982142208
8.425047866
8.890824590
9.337859182
9.796514840
10.239420498
10.709326156
11.152231814
11.601887472
12.042543130
12.518543251
12.959854446
13.425260104
13.874915762
14.342571420
14.783227078
15.232882736
15.689288394
16.145694052
16.597599710
17.067505368
17.519411026
17.960121243
18.414222342
18.870627999
19.309033657
19.772189315
20.217344973
20.680500631
21.132406289
21.597811947
22.040717605
22.497123263
22.942278921
23.403184579
23.850590237
24.318245895
24.765651553
25.215558565
25.671712869
26.130368527
26.571024185
27.034179843
27.483835501
27.942491159
28.387646817
28.843277227
29.295958133
29.763613791
