0.348432856
0.919281749
1.490130641
2.060979534
2.637755635
3.212722526
3.778689417
4.349156308
4.917373199
5.492340090
6.058306981
6.622023872
7.192490763
7.762957654
8.333424545
8.919641436
9.474358327
10.049325218
10.631042109
11.197009000
11.756225891
12.328942782
12.906159673
13.476626564
14.047093455
14.619810346
15.190277237
15.760744128
16.326711019
16.899427910
17.472144801
18.047111692
18.617578583
19.188045474
19.763012365
20.331229256
20.899446147
21.469913038
22.042629929
22.615346820
23.179063711
23.754030602
24.326747493
24.899464384
25.467681275
26.038148166
26.608615057
27.174581948
27.745048839
28.322265730
28.894982621
29.463199512
