0.194535469
0.516712662
0.838889855
1.161067048
1.486284333
1.802981789
2.117429246
2.452126702
2.759824158
3.099021615
3.415719071
3.738484595
4.060661788
4.382838981
4.705016175
5.027193368
5.349370561
5.671547755
5.998798721
6.315902141
6.638079335
6.960256528
7.282433721
7.604610915
7.914733459
8.256180916
8.572878372
8.889575828
9.208523285
9.538720741
9.857668197
10.185615654
10.500063110
10.828010566
11.149208023
11.465905479
11.789352935
12.115050391
12.438497848
12.761945304
13.078642760
13.406590217
13.727787673
14.053485129
14.363432586
14.693630042
15.014827498
15.331524955
15.661722411
15.982919867
16.301867324
16.625314780
16.942012236
17.267709693
17.588907149
17.907854605
18.231302062
18.563749518
18.880446974
19.201644430
19.525091887
19.846289343
20.169736799
20.490934256
20.816631712
21.137829168
21.459026625
21.777974081
22.112671537
22.427118994
22.743816450
23.069513906
23.392961363
23.709658819
24.033106275
24.354303732
24.675501188
25.001198644
25.317896101
25.641343557
25.964791013
26.292738469
26.618435926
26.941883382
27.265330838
27.586528295
27.909975751
28.228923207
28.547870664
28.873568120
29.192515576
29.511463033
29.828160489
