0.526211799
1.124566696
1.721228513
2.314620279
2.904667436
3.492674675
4.081733473
4.676004979
5.271328391
5.865011770
6.458232499
7.052094309
7.646108720
8.239414045
8.831943164
9.423017839
10.014675349
10.609082122
11.202123358
11.790103503
12.376494489
12.965869413
13.558822894
14.154772847
14.751104079
15.345893965
15.940509457
16.536497596
17.132838418
17.728022433
18.322057613
18.915272688
19.507961563
20.100423766
20.693368530
21.287394518
21.882100915
22.476808948
23.070856240
23.663910008
24.256690672
24.849900545
25.443302209
26.036465758
26.629316680
27.221651422
27.812801070
28.402412297
28.991927202
29.582521870
