0.266939577
0.694770908
1.120640764
1.540707941
1.958541052
2.377900374
2.799397258
3.222384141
3.645504816
4.067734907
4.489288602
4.910671971
5.332249443
5.754209099
6.176401442
6.598596702
7.020578490
7.442258539
7.863938967
8.285923776
8.708141827
9.130443241
9.552744666
9.974962765
10.396947651
10.818628189
11.240309494
11.662301070
12.084564152
12.507080897
12.930044624
13.353450577
13.776409971
14.198237365
14.619831922
15.042169979
15.464954937
15.887682391
16.310409218
16.733187650
17.155480989
17.576863929
17.998052103
18.419936016
18.842733316
19.266312789
19.689950693
20.113075076
20.535985454
20.959107773
21.382384130
21.805474110
22.227823662
22.649007181
23.069471752
23.489847479
23.910688391
24.332394946
24.754839460
25.177761254
25.600683059
26.023130370
26.444859775
26.865810393
27.286526759
27.707625202
28.129383953
28.551745521
28.973874696
29.395011699
29.815488336
