0.027915355
0.527779239
1.053453718
1.548878854
2.037553990
2.530729126
3.021654262
3.521579398
4.023754534
4.532679670
5.025854807
5.525779943
6.043705079
6.532380215
7.023305351
7.523230487
8.014155623
8.518580759
9.016255895
9.516181032
10.020606168
10.527281304
11.022706440
11.520381576
12.022556712
12.522481848
13.017906984
13.520082121
14.029007257
14.528932393
15.013107529
15.519782665
16.015207801
16.517382937
17.017308073
17.517233209
18.021658346
18.523833482
19.023758618
19.525933754
20.021358890
20.525784026
21.012209162
21.516634298
22.018809435
22.527734571
23.023159707
23.523084843
24.011759979
24.516185115
25.009360251
25.513785387
26.020460523
26.527135660
27.029310796
27.531485932
28.035911068
28.533586204
29.035761340
29.524436476
