0.042776979
0.412924174
0.783071370
1.153218566
1.517351169
1.900932126
2.264263084
2.638844041
3.002174999
3.383505957
3.744248935
4.119167872
4.480248829
4.857079787
5.227160745
5.592741702
5.962822660
6.332903617
6.693984575
7.073065533
7.443146490
7.815477448
8.187808405
8.551139363
8.916720321
9.286801278
9.663632236
10.035963193
10.403794151
10.771625109
11.148456066
11.518537024
11.895367981
12.258698939
12.628779897
13.001110854
13.375691812
13.739022769
14.111353727
14.476934685
14.853765642
15.217096600
15.598427557
15.961758515
16.334089473
16.704170430
17.076501388
17.437582345
17.809913303
18.177744261
18.545575218
18.926906176
19.294737133
19.658068091
20.037149049
20.395980006
20.768310964
21.133891921
21.506222879
21.869553837
22.246384794
22.609715752
22.991046709
23.354377667
23.731208624
24.099039582
24.475870540
24.843701497
25.216032455
25.579363412
25.958444370
26.326275328
26.691856285
27.064187243
27.436518200
27.799849158
28.176680116
28.544511073
28.916842031
29.286922988
29.657003946
