0.005814368
0.376118226
0.746422084
1.124949268
1.487029800
1.858533512
2.227637516
2.592117756
2.968245232
3.339202000
3.707119122
4.072786243
4.442953365
4.815370487
5.190037609
5.553454731
5.923621853
6.298288975
6.670706097
7.031873219
7.402040341
7.769957463
8.151374585
8.514791706
8.887208828
9.252875950
9.625293072
9.995460194
10.367877316
10.731294438
11.108211560
11.476128682
11.850795804
12.214212926
12.588880048
12.954547169
13.326964291
13.699381413
14.074048535
14.441965657
14.812132779
15.177799901
15.552467023
15.922634145
16.295051267
16.658468389
17.035385511
17.403302632
17.773469754
18.145886876
18.513803998
18.888471120
19.254138242
19.628805364
19.996722486
20.366889608
20.739306730
21.111723852
21.479640974
21.843058095
22.215475217
22.583392339
22.955809461
23.328226583
23.700643705
24.073060827
24.440977949
24.811145071
25.183562193
25.551479315
25.921646437
26.289563558
26.664230680
27.029897802
27.406814924
27.770232046
28.149399168
28.515066290
28.885233412
29.259900534
29.627817656
29.997984778
