0.080220841
0.441280923
0.802122873
1.161135305
1.515534324
1.869060818
2.224525714
2.581758490
2.939312390
3.295872844
3.650936833
4.005965183
4.362350667
4.719440186
5.076438298
5.433730330
5.791780837
6.149850434
6.507248318
6.864567502
7.222197054
7.578851037
7.933458551
8.287578659
8.642877565
8.998778438
9.354347416
9.709652534
10.065418632
10.422802257
10.782453058
11.142546384
11.500964593
11.857384776
12.212427679
12.568065978
12.925821099
13.284542566
13.642867257
14.001002806
14.359332216
14.717173795
15.073946037
15.430598402
15.787770745
16.143929622
16.497666852
16.850571411
17.204796496
17.561081988
17.919488784
18.278797618
18.638027490
18.997452387
19.357189604
19.715692978
20.071676778
20.426751992
20.782775034
21.139920188
21.497867011
21.856297046
22.214782171
22.572331113
22.928278402
23.283722420
23.639816509
23.996355795
24.352921173
24.709718454
25.066874119
25.423563378
25.779112311
26.134418358
26.490390197
26.846652574
27.202908922
27.560159169
27.919237494
28.278784817
28.637286501
28.994900253
29.352172176
29.709367136
