0.347962606
1.025730402
1.684581371
2.343432340
3.013533309
3.674634278
4.344735247
5.010336216
5.673687185
6.339288154
7.009389123
7.674990092
8.338341061
9.001692030
9.669542999
10.337393968
11.007494937
11.670845906
12.336446875
13.002047844
13.669898813
14.335499782
15.003350751
15.666701720
16.341302689
17.011403658
17.665754627
18.333605596
18.992456565
19.653557534
20.323658503
20.993759472
21.663860441
22.324961410
22.997312379
23.662913348
24.319514317
24.980615286
25.655216255
26.327567224
26.997668193
27.663269162
28.326620131
28.998971100
29.657822069
