0.000821412
0.329965516
0.660759211
0.993559185
1.326388567
1.655112836
1.981775138
2.306270974
2.629998248
2.952803499
3.275979095
3.600468462
3.925269680
4.249501015
4.574357821
4.901324168
5.229902835
5.559203972
5.888277842
6.216274723
6.542884636
6.867754685
7.191658343
7.515438797
7.839871711
8.165477307
8.491783349
8.818293181
9.144679381
9.470952383
9.797694929
10.125316196
10.453120542
10.780242761
11.106394629
11.431547438
11.756027262
12.080552233
12.406499341
12.734770135
13.063909420
13.392077975
13.718398549
14.042803696
14.366397974
14.690463802
15.015426448
15.341329595
15.667726621
15.994123596
16.320079913
16.645277253
16.970055186
17.295002804
17.620899236
17.948249762
18.276341149
18.604302003
18.931772956
19.258506719
19.584260131
19.908970050
20.233435248
20.558558677
20.884600139
21.211394205
21.538205232
21.864361895
22.189858889
22.515060077
22.840661708
23.167050083
23.493433959
23.819039977
24.144245646
24.469750712
24.795923157
25.122855273
25.449983597
25.776637104
26.102417139
26.427232613
26.752040476
27.077825385
27.404488989
27.731626925
28.058570279
28.384820766
28.710418601
29.035075175
29.357713350
29.677259555
29.994986968
