0.007070341
0.588675611
1.166712534
1.737999457
2.313786380
2.889573303
3.463110226
4.041147149
4.619184072
5.194970995
5.770757918
6.348794841
6.924581764
7.500368687
8.076155611
8.651942534
9.229979457
9.808016380
10.381553303
10.959590226
11.535377149
12.111164072
12.689200995
13.262737918
13.840774841
14.421061764
14.992348687
15.572635611
16.146172534
16.724209457
17.297746380
17.878033303
18.451570226
19.029607149
19.600894072
20.181180995
20.759217918
21.337254841
21.908541764
22.488828687
23.066865611
23.638152534
24.216189457
24.794226380
25.370013303
25.945800226
26.521587149
27.099624072
27.677660995
28.255697918
28.831484841
29.411771764
29.981470341
