0.362908987
0.821539366
1.270228789
1.712168212
2.165357635
2.616297058
3.076236481
3.527175904
3.980365327
4.431304750
4.882244174
5.333183597
5.784123020
6.239562443
6.688251866
7.139191289
7.590130712
8.043320135
8.494259558
8.947448981
9.391638404
9.840327827
10.298017250
10.746706674
11.202146097
11.650835520
12.106274943
12.557214366
13.012653789
13.468093212
13.921282635
14.365472058
14.820911481
15.265100904
15.718290327
16.175979750
16.624669174
17.073358597
17.526548020
17.979737443
18.430676866
18.881616289
19.337055712
19.787995135
20.236684558
20.692123981
21.145313404
21.594002827
22.049442250
22.495881674
22.951321097
23.397760520
23.850949943
24.301889366
24.757328789
25.208268212
25.659207635
26.110147058
26.563336481
27.009775904
27.465215327
27.916154750
28.371594174
28.822533597
29.273473020
29.722162443
