0.345001330
0.818497467
1.291994203
1.740740939
2.216487675
2.680984411
3.149981146
3.616727882
4.087974618
4.556971354
5.032718090
5.494964825
5.961711561
6.432958297
6.899705033
7.366451769
7.844448504
8.302195240
8.775691976
9.242438712
9.704685447
10.175932183
10.644928919
11.111675655
11.580672391
12.051919126
12.523165862
12.985412598
13.449909334
13.918906070
14.394652805
14.859149541
15.328146277
15.801643013
16.263889749
16.730636484
17.201883220
17.670879956
18.144376692
18.608873428
19.071120163
19.537866899
20.004613635
20.471360371
20.942607106
21.407103842
21.878350578
22.349597314
22.823094050
23.285340785
23.752087521
24.216584257
24.687830993
25.156827729
25.632574464
26.101571200
26.563817936
27.030564672
27.499561408
27.968558143
28.437554879
28.902051615
29.371048351
29.837795087
