0.284376316
0.570051171
0.855726026
1.141400881
1.427075736
1.712750591
1.998425446
2.284100301
2.569775156
2.855450011
3.141124866
3.426799721
3.712474576
3.998149431
4.283824286
4.569499141
4.855173996
5.140848851
5.426523706
5.712198563
5.997873463
6.283549012
6.569230336
6.854945675
7.140807241
7.427122806
7.714445304
8.003302548
8.293588759
8.584227563
8.872499385
9.157159170
9.438780334
9.722186362
10.009925661
10.300316704
10.589180574
10.875925207
11.161350634
11.446596179
11.732412829
12.018680969
12.305121189
12.591562321
12.877841660
13.163715853
13.449260988
13.735435307
14.022799463
14.309896524
14.595394826
14.879975311
15.164861309
15.450343025
15.736187429
16.021841903
16.306933893
16.591857640
16.877253732
17.163541532
17.450801005
17.738093909
18.024624350
18.310663081
18.596623667
18.882289771
19.167378480
19.452230737
19.737239636
20.022222491
20.306337634
20.588211249
20.868173218
21.150916612
21.438923017
21.729789994
22.018914769
22.306237860
22.592285219
22.875032263
23.153493589
23.432068907
23.714887108
24.002893356
24.295157632
24.587386722
24.875196883
25.160273472
25.445105973
25.730565066
26.016743607
26.303448007
26.590543622
26.877591880
27.164068022
27.449596200
27.733974234
28.017861446
28.301936248
28.586413608
28.871278274
29.156163738
29.440753398
29.725137511
