0.423051633
0.949304730
1.475557827
2.005496008
2.517685212
3.056874415
3.573563618
4.106002822
4.636192025
5.161881228
5.685320432
6.211009635
6.743448839
7.255638042
7.790327245
8.311516449
8.848455652
9.362894855
9.899834059
10.416523262
10.957962465
11.479151669
11.995840872
12.521530075
13.049469279
13.581908482
14.107597686
14.635536889
15.161226092
15.684665296
16.214854499
16.742793702
17.261732906
17.787422109
18.308611312
18.838800516
19.366739719
19.890178922
20.422618126
20.948307329
21.476246532
22.004185736
22.529874939
23.055564143
23.579003346
24.097942549
24.630381753
25.158320956
25.681760159
26.209699363
26.730888566
27.256577769
27.786766973
28.307956176
28.840395379
29.372834583
29.891773786
