0.328054560
0.868394424
1.413803859
1.953990784
2.489677710
3.029864635
3.570051561
4.112488486
4.650425412
5.190612337
5.733049263
6.273236188
6.811173114
7.349110039
7.884796965
8.427233890
8.971920816
9.507607741
10.045544667
10.587981592
11.132668518
11.668355443
12.215292369
12.755479294
13.300166220
13.835853145
14.380540071
14.916226996
15.460913922
15.998850847
16.541287773
17.079224698
17.619411624
18.161848549
18.702035475
19.242222400
19.786909326
20.322596251
20.865033177
21.407470102
21.943157028
22.483343953
23.025780879
23.561467804
24.103904730
24.635091655
25.184278581
25.719965506
26.257902432
26.800339357
27.340526283
27.882963208
28.427650134
28.965587059
29.508023985
