0.156674125
0.567627709
0.978581294
1.394244183
1.798018654
2.213043126
2.628067597
3.027342069
3.444616540
3.855141011
4.266209969
4.680689954
5.088964426
5.497238897
5.910013368
6.325037840
6.728812311
7.139336783
7.553838644
7.960385725
8.375745813
8.781434668
9.187459140
9.597983611
10.026508083
10.434782554
10.841467319
11.260331497
11.663374488
12.079130440
12.491904911
12.895679382
13.308453854
13.721228325
14.129095994
14.540027268
14.957301739
15.361076211
15.772910331
16.182125154
16.599399625
17.005424097
17.416724669
17.821973039
18.245997511
18.643021982
19.058046454
19.466320925
19.885845396
20.294119868
20.704353344
21.117418811
21.526260513
21.936217753
22.346742225
22.757266696
23.167791168
23.585065639
23.991982019
24.408364582
24.818889053
25.222663525
25.633187996
26.045962468
26.463236939
26.871511410
27.279610694
27.690310353
28.112084825
28.509109296
28.923425032
29.327908239
29.738432710
