0.118354079
0.691322991
1.257860547
1.818243448
2.385376350
2.963759252
3.539892153
4.111525055
4.687657956
5.266040858
5.837673760
6.413806661
6.987689563
7.566072464
8.144455366
8.720588268
9.287721169
9.859354071
10.430986972
11.009369874
11.583252776
12.159385677
12.733268579
13.309401480
13.883284382
14.454917284
15.037800185
15.588514703
16.161483615
16.734452528
17.307421440
17.880390352
18.453359264
19.026328176
19.628863398
20.191496300
20.756379201
21.325762103
21.897395005
22.464527906
23.036160808
23.605543709
24.174926611
24.748809513
25.318192414
25.889825316
26.456958217
27.028591119
27.606974021
28.167356922
28.766799680
29.339768592
29.912737504
